date,death,hospitalized,lastModified,total,totalTestResults,posNeg,deathIncrease,hospitalizedIncrease,negativeIncrease,positiveIncrease,totalTestResultsIncrease,hash
20200605,103201,215252,2020-06-05T00:00:00Z,19233193,19231444,19231444,1100,1440,522300,28615,550915,049411d107563da0cd8a0864bc267a80b46123ac
20200604,102101,213812,2020-06-04T00:00:00Z,18684003,18680529,18680529,884,-2828,444782,20797,465579,346ee956f287e783d7c182058085c9840357cb44
20200603,101217,216640,2020-06-03T00:00:00Z,18218506,18214950,18214950,971,2258,437066,20046,457112,5174063654cc33728ecaebda44ace05e0c0a95ac
20200602,100246,214382,2020-06-02T00:00:00Z,17761892,17757838,17757838,1168,1678,393648,23508,417156,5e2b49203edfff9e99b9012af1f1f92193d5311b
20200601,99078,212704,2020-06-01T00:00:00Z,17344137,17340682,17340682,478,2621,387600,16191,403791,55b24b047276220a01c78ae5361a3c0ff3d081f0
20200531,98600,210083,2020-05-31T00:00:00Z,16940161,16936891,16936891,667,949,383661,22545,406206,233eb86e3876b411bb6e212ca95ccc76830a4bac
20200530,97933,209134,2020-05-30T00:00:00Z,16532353,16530685,16530685,970,1440,406716,24454,431170,5b2d11d2f9330d840f64a86664ba10ee897bd4c8
20200529,96963,207694,2020-05-29T00:00:00Z,16102493,16099515,16099515,1185,1720,468342,23934,492276,431857e23f22f44be988ce6f1534df849d4db66e
20200528,95778,205974,2020-05-28T00:00:00Z,15609145,15607239,15607239,1286,2396,385615,22480,408095,e65b557e24cc7bbe3d9a9022ed6b7db950512e00
20200527,94492,203578,2020-05-27T00:00:00Z,15202276,15199144,15199144,1315,1706,272981,19122,292103,76e120e74908c23e1cca66a6e8f00ac97b561cbd
20200526,93177,201872,2020-05-26T00:00:00Z,14908590,14907041,14907041,636,17302,285893,16206,302099,708863c902b84d6559e230631f225b058c771d6d
20200525,92541,184570,2020-05-25T00:00:00Z,14608310,14604942,14604942,536,967,422179,19069,441248,8d4512fb73069362848d4d8250362bf66131ebb8
20200524,92005,183603,2020-05-24T00:00:00Z,14167554,14163694,14163694,655,517,358102,20806,378908,d43b5883d0030abef865ac472b29bcb295765f59
20200523,91350,183086,2020-05-23T00:00:00Z,13788870,13784786,13784786,1087,1389,343430,22298,365728,0d3921e51d507e47b4451570c904bb92845b462f
20200522,90263,181697,2020-05-22T00:00:00Z,13422767,13419058,13419058,1285,4413,370137,24159,394296,cfcce4ee6f0b4ebee4b25f66005d27256f3717e8
20200521,88978,177284,2020-05-21T00:00:00Z,13028403,13024762,13024762,1431,4619,390643,25903,416546,bb1d4c6881e5bd730598a890c0874a274326e8e0
20200520,87547,172665,2020-05-20T00:00:00Z,12611189,12608216,12608216,1394,2030,384062,21342,405404,c99a3e159c374188a35f8c2fa1b334f2a525018f
20200519,86153,170635,2020-05-19T00:00:00Z,12205756,12202812,12202812,1414,1641,375851,20940,396791,011620422fa92a01637d6f3161edc3f1cbe8c9e0
20200518,84739,168994,2020-05-18T00:00:00Z,11809617,11806021,11806021,787,1039,325863,19684,345547,293cc0bac091a4c0cfccbe626f34e868d54049d8
20200517,83952,167955,2020-05-17T00:00:00Z,11463923,11460474,11460474,854,1185,382030,20933,402963,704961077c92c5afcc4a5417e9d54fdc8a7bacf9
20200516,83098,166770,2020-05-16T00:00:00Z,11061299,11057511,11057511,1289,1873,327904,25032,352936,2d94f1dd561325a8c59a9abac32ef384a11b10b7
20200515,81809,164897,2020-05-15T00:00:00Z,10707032,10704575,10704575,1489,1305,338453,24488,362941,fe0cbdd445a98ceed3b68b45c53019b32af29154
20200514,80320,163592,2020-05-14T00:00:00Z,10344307,10341634,10341634,1905,3200,349800,26951,376751,16baf5013317fcdc95148999b4d943d278370837
20200513,78415,160392,2020-05-13T00:00:00Z,9966866,9964883,9964883,1687,1796,275534,20491,296025,d23d4ede382ecaba4a8930cfbc6afa7fc2f50b85
20200512,76728,158596,2020-05-12T00:00:00Z,9670661,9668858,9668858,1516,1564,283262,21483,304745,67187b9bad38dfe0bb3fe98672e890cb9ab7755e
20200511,75212,157032,2020-05-11T00:00:00Z,9366102,9364113,9364113,847,1206,367299,17345,384644,895ad36c2004bcfdc81656c8e0df95b3c07100c8
20200510,74365,155826,2020-05-10T00:00:00Z,8982564,8979469,8979469,996,1034,249408,21799,271207,8890c0d701ac4b7240ae12c734f7baaa24520a4b
20200509,73369,154792,2020-05-09T00:00:00Z,8711316,8708262,8708262,1524,1704,268404,25149,293553,4644e2b3800a2d7768b5afd2d5f36b6754f1e5ee
20200508,71845,153088,2020-05-08T00:00:00Z,8418016,8414709,8414709,1766,6867,271572,27697,299269,27f0b1baf89c4086916bffc5491ebf87c8ab156f
20200507,70079,146221,2020-05-07T00:00:00Z,8118611,8115440,8115440,2740,3713,276799,27506,304305,2e4483fc0313a6d3fd06156924fa40414ca7aab7
20200506,67339,142508,2020-05-06T00:00:00Z,7813877,7811135,7811135,1943,2100,221033,25099,246132,eda2f8ad281afd7d080f0cbf948cfe71c3f1d8bf
20200505,65396,140408,2020-05-05T00:00:00Z,7567636,7565003,7565003,2509,1966,238697,22121,260818,26601c348fe239f78845ce6ec75d8f3993c6af59
20200504,62887,138442,2020-05-04T00:00:00Z,7306976,7304185,7304185,928,1614,212181,21639,233820,33a499a9cd358e623049edf6364b4a0e6940dfa9
20200503,61959,136828,2020-05-03T00:00:00Z,7073177,7070365,7070365,1177,1916,214888,25993,240881,3d4f9470f39c52410607affa6127d96f17cbeb66
20200502,60782,134912,2020-05-02T00:00:00Z,6831062,6829484,6829484,1639,2120,220565,29838,250403,be188f411e6c8a9ed1953a5870fad012fabd65f8
20200501,59143,132792,2020-05-01T00:00:00Z,6580720,6579081,6579081,1737,9774,263659,33222,296881,9d1778fb5c748b229214ed5ce024d31e5b701128
20200430,57406,123018,2020-04-30T00:00:00Z,6284975,6282200,6282200,2134,2275,201245,29368,230613,86ac46705b3fb923d0ab8485e90129283cc674c5
20200429,55272,120743,2020-04-29T00:00:00Z,6056419,6051587,6051587,2707,3391,206437,27186,233623,6f523b987f999f1ec6d6b24a4abf321d83b3cb1e
20200428,52565,117352,2020-04-28T00:00:00Z,5822170,5817964,5817964,2111,2071,180065,25111,205176,2f81237e88e485189c1a3dad08b41a798c3771ff
20200427,50454,115281,2020-04-27T00:00:00Z,5616865,5612788,5612788,1199,3034,176102,21147,197249,eaafb59af239ba579056c1f39e392ceefc07bf26
20200426,49255,112247,2020-04-26T00:00:00Z,5419984,5415539,5415539,1113,2163,180180,27134,207314,9609241dbd13f8821834c400c6a99d927416735e
20200425,48142,110084,2020-04-25T00:00:00Z,5213540,5208225,5208225,1790,2448,243602,35925,279527,70d293062293265d3d66d76a0f559890f75ad606
20200424,46352,107636,2020-04-24T00:00:00Z,4933094,4928698,4928698,1860,3268,200714,34245,234959,fc94aa8318d3d215eaf4c57063ddbd22d560de20
20200423,44492,104368,2020-04-23T00:00:00Z,4697997,4693739,4693739,1816,2758,162911,31801,194712,a2e3b59c10717b9b8d56bbce728965b0e775f318
20200422,42676,101610,2020-04-22T00:00:00Z,4503218,4499027,4499027,2042,3043,288163,28642,316805,2095f60811c145f3f9235178b6a0d40527b22392
20200421,40634,98567,2020-04-21T00:00:00Z,4186178,4182222,4182222,2534,2652,122918,26008,148926,2140050ee9dd171ac2c9cf98fd83ab1a41195b10
20200420,38100,95915,2020-04-20T00:00:00Z,4037333,4033296,4033296,1722,2144,120868,25309,146177,a7acd51681f4c9c26418163cef90aa5d02725ac0
20200419,36378,93771,2020-04-19T00:00:00Z,3898443,3887119,3887119,1689,2193,133145,27424,160569,ee30f26c2b4f9a81e1486dc523da8c97de477474
20200418,34689,91578,2020-04-18T00:00:00Z,3736456,3726550,3726550,1788,3511,114160,27979,142139,d4bd584f4cacb06611a3ba45c379d1f7f935c0bb
20200417,32901,88067,2020-04-17T00:00:00Z,3595300,3584411,3584411,2072,3374,126310,31891,158201,17fa7545b9d83dfa474b567c6bedb732035f3e49
20200416,30829,84693,2020-04-16T00:00:00Z,3443137,3426210,3426210,2145,3026,131494,31082,162576,00d5e573282dac3d3dac4a5db0fcefd32425e99a
20200415,28684,81667,2020-04-15T00:00:00Z,3280535,3263634,3263634,2499,4392,106395,30332,136727,848e49b7b40c68480d940059a8780ea45532a2d9
20200414,26185,77275,2020-04-14T00:00:00Z,3143522,3126907,3126907,2309,3233,124728,26014,150742,4fe17a36a3866a9f97c1977794a6fd31fd09d6e0
20200413,23876,74042,2020-04-13T00:00:00Z,2993324,2976165,2976165,1539,4237,108100,25121,133221,a315e8c1e51f5f185891d0166255fc717256dc37
20200412,22337,69805,2020-04-12T00:00:00Z,2859363,2842944,2842944,1559,3251,112687,27866,140553,f8c55abc95cb4b227e255f7cc74cd374a6931fef
20200411,20778,66554,2020-04-11T00:00:00Z,2718984,2702391,2702391,1943,2783,108281,30966,139247,56e1c2abdf5aa1429fe508ceeed0cdaba9eae311
20200410,18835,63771,2020-04-10T00:00:00Z,2580579,2563144,2563144,2093,4889,123566,34422,157988,10980ee2be1867d7c8f8372559535e9c58efaebc
20200409,16742,58882,2020-04-09T00:00:00Z,2422778,2405156,2405156,1938,3879,131561,34325,165886,afd7c8f58f8abbafad3746b9e2b9206c579d3d37
20200408,14804,55003,2020-04-08T00:00:00Z,2256489,2239270,2239270,1906,4258,114081,30150,144231,186fa529a72c771a363a4cb19e10b30345002529
20200407,12898,50745,2020-04-07T00:00:00Z,2111587,2095039,2095039,1914,2947,122422,30483,152905,d2a66c1510e1c8657cd736a8e911d8e7e5e80329
20200406,10984,47798,2020-04-06T00:00:00Z,1959417,1942134,1942134,1215,2887,122401,28799,151200,9e0aebaf585ada05eeea78c235f57f671fc296d9
20200405,9769,44911,2020-04-05T00:00:00Z,1808237,1790934,1790934,1234,3854,93610,25726,119336,19b520ff98c5cffe5e855427e5cd060d624cbce7
20200404,8535,41057,2020-04-04T00:00:00Z,1687167,1671598,1671598,1381,5042,195141,33338,228479,e2627dc1a27368e06241266bd72d0d5b8e968a89
20200403,7154,36015,2020-04-03T00:00:00Z,1505095,1443119,1443119,1202,4503,100652,31896,132548,357ce5e5d2caa14eb566ae3f6f6ef52afb0e1319
20200402,5952,31512,2020-04-02T00:00:00Z,1372668,1310571,1310571,1108,4141,89740,28123,117863,ccbd425a9b9dcc05403dee1d36b4ce51e0304b93
20200401,4844,27371,2020-04-01T00:00:00Z,1252373,1192708,1192708,942,4180,82438,25145,107583,0bcf04d58f6fc2fc0113a4881c77e3edb03bfd7c
20200331,3902,23191,2020-03-31T00:00:00Z,1144643,1085125,1085125,822,3850,86597,24474,111071,4a2895c20212eedcbe953f7e2d2d57e279692c23
20200330,3080,19341,2020-03-30T00:00:00Z,1039423,974054,974054,539,2485,96278,21333,117611,b95368821fa8d27fdb2cc72a0d8bb3c3d48f07b3
20200329,2541,16856,2020-03-29T00:00:00Z,921988,856443,856443,491,2734,68287,19334,87621,11fafe1fa7eba2c8e6cf68ca09ab924118ff0314
20200328,2050,14122,2020-03-28T00:00:00Z,834531,768822,768822,441,2382,85255,19198,104453,9847b6515cecf16870d4f76f81ae82a037e00d13
20200327,1609,11740,2020-03-27T00:00:00Z,724460,664369,664369,375,2523,84294,18642,102936,5677d1fa9f0277606f47d9afab8d55f5f3eefcc5
20200326,1234,9217,2020-03-26T00:00:00Z,621684,561433,561433,280,2460,83810,17255,101065,00696e52198ee41d0799edeae854a1e7569ff22e
20200325,954,6757,2020-03-25T00:00:00Z,511603,460368,460368,227,1859,71268,12278,83546,a5484549e353df4bc8dbfb9d248e53fd4b8644ac
20200324,727,4898,2020-03-24T00:00:00Z,391255,376822,376822,205,1150,58227,10227,68454,6028957526a1dafbac1891bd5f2ec8ef2cb68819
20200323,522,3748,2020-03-23T00:00:00Z,322939,308368,308368,84,870,46669,10928,57597,32170b0e0a4a78f912fb81936194010204936c4f
20200322,438,2878,2020-03-22T00:00:00Z,253613,250771,250771,131,986,35435,8909,44344,580096c863754ae61dc34a040d91944904f7db05
20200321,307,1892,2020-03-21T00:00:00Z,209895,206427,206427,52,1892,38387,6497,44884,90827dffec52647871820946c3830b101006ea5d
20200320,255,,2020-03-20T00:00:00Z,164873,161543,161543,65,0,30440,5842,36282,a2c7aedb5a548cb18f35d440ac7c69e308fd7749
20200319,190,,2020-03-19T00:00:00Z,128277,125261,125261,43,0,23286,4385,27671,22be0d08de9f1bc045e3e658434a5c1669303dbc
20200318,147,,2020-03-18T00:00:00Z,100116,97590,97590,27,0,22015,2719,24734,adfec649176190442a025b6b67ab8fdf17619b40
20200317,120,,2020-03-17T00:00:00Z,74543,72856,72856,22,0,13470,2213,15683,06e451207b286fcfbbf4decf40519a09b9ec3a2f
20200316,98,,2020-03-16T00:00:00Z,58864,57173,57173,21,0,16379,1462,17841,f7f4cceb2a96dd6b7c2f98da8661fce927521b1e
20200315,77,,2020-03-15T00:00:00Z,41574,39332,39332,14,0,6522,1078,7600,7e3c2495f84b52227da42f1b5b223ccb4957d675
20200314,63,,2020-03-14T00:00:00Z,32968,31732,31732,8,0,3785,790,4575,4b69c84fa53c4be733aa1b6d760ba17e8c872440
20200313,55,,2020-03-13T00:00:00Z,28287,27157,27157,4,0,8231,930,9161,4e05068d086e30256d44a64f436c4b6e40b04010
20200312,51,,2020-03-12T00:00:00Z,18669,17996,17996,8,0,4670,577,5247,8835aad32a577ec02e3a604c34c4305d2b675036
20200311,43,,2020-03-11T00:00:00Z,13312,12749,12749,6,0,3366,442,3808,afd9c28c101c21f0a6e36cc8508d75c17d6bf63b
20200310,37,,2020-03-10T00:00:00Z,9410,8941,8941,2,0,2161,329,2490,e4ffdd5325b883d75572d1a04c18c803f6348122
20200309,35,,2020-03-09T00:00:00Z,6764,6451,6451,4,0,1504,253,1757,4780ea6191c428a4ebe99f5c44c99ba757c2fd83
20200308,31,,2020-03-08T00:00:00Z,5041,4694,4694,4,0,681,176,857,210aa27ecb18b0c14ba1b5643068395accc09cda
20200307,27,,2020-03-07T00:00:00Z,4439,3837,3837,1,0,635,158,793,72ecc0f3206e9a38c0e19ee012498e66e3bb311a
20200306,26,,2020-03-06T00:00:00Z,3502,3044,3044,6,0,675,98,773,73e7d93001f805333a204db9589b740bd957cd06
20200305,20,,2020-03-05T00:00:00Z,2468,2271,2271,4,0,522,98,620,52abbbc967ad244f81147f9c2689cd61ad69a8b7
20200304,16,,2020-03-04T00:00:00Z,1754,1651,1651,2,0,959,133,1092,dcf7b2add6a2149ee7ccd672f6eea7b946ec8f86
20200303,14,,2020-03-03T00:00:00Z,559,559,559,3,0,204,42,246,d563129aef593430f0b35b6d24e14db76125470a
20200302,11,,2020-03-02T00:00:00Z,313,313,313,3,0,148,40,188,801b8a08daa8d51deec0e577caa2867785485be0
20200301,8,,2020-03-01T00:00:00Z,125,125,125,3,0,58,26,84,adf4cd9679bd90f162a92030580d098a1ede5983
20200229,5,,2020-02-29T00:00:00Z,41,41,41,1,0,23,9,32,8ad80bf9e949b22a0625e2883cba4cde58722994
20200228,4,,2020-02-28T00:00:00Z,9,9,9,2,0,0,7,7,cab7d7f2450195c9e26d820a55be87e82e1d6ff1
20200227,2,,2020-02-27T00:00:00Z,2,2,2,0,0,0,0,0,ae36baff03ad1444aefe5769fea127fb26cc4512
20200226,2,,2020-02-26T00:00:00Z,2,2,2,2,0,0,0,0,878500931e9482eb3c02a7dd85fba9a96f3a11da
20200225,,,2020-02-25T00:00:00Z,2,2,2,0,0,0,0,0,d6675ce59b8f99beba021c02f896f8fe4b3dd437
20200224,,,2020-02-24T00:00:00Z,2,2,2,0,0,0,0,0,9c95ba364bf39dfa78a2f679ca9628f9c202deab
20200223,,,2020-02-23T00:00:00Z,2,2,2,0,0,0,0,0,3cbc70a7b313f1c6ec7622b197a74c741d712e77
20200222,,,2020-02-22T00:00:00Z,2,2,2,0,0,0,0,0,50f138088f1e11ca36fd78859f142d445c945e54
20200221,,,2020-02-21T00:00:00Z,2,2,2,0,0,0,0,0,99958bf3fc2a89eea0136ef0f545d75b368e29e3
20200220,,,2020-02-20T00:00:00Z,2,2,2,0,0,0,0,0,d0b1d19e289390f66a595227feb02728ed025a23
20200219,,,2020-02-19T00:00:00Z,2,2,2,0,0,0,0,0,3b7f0741654cb4825e13a1f7a27d4e2d0d059020
20200218,,,2020-02-18T00:00:00Z,2,2,2,0,0,0,0,0,1822eb086de41cdbe0c7ac979b6f657d57cd874a
20200217,,,2020-02-17T00:00:00Z,2,2,2,0,0,0,0,0,4464bf3e0604b052a3c5075ace1c32e669022615
20200216,,,2020-02-16T00:00:00Z,2,2,2,0,0,0,0,0,1cf40572c6ce54e00c689ed6bf80fd2fd931f0bb
20200215,,,2020-02-15T00:00:00Z,2,2,2,0,0,0,0,0,f05f7fa869183222a7888ab06a6c901e4c23ce6e
20200214,,,2020-02-14T00:00:00Z,2,2,2,0,0,0,0,0,b315648fb27694fbd183f27aed7c71036d0843ad
20200213,,,2020-02-13T00:00:00Z,2,2,2,0,0,0,0,0,a3be7448c6d2069f0cad12c38987845dee69ad51
20200212,,,2020-02-12T00:00:00Z,2,2,2,0,0,0,0,0,7c45f96faeda375934d8117b73fa9b33f0ad754d
20200211,,,2020-02-11T00:00:00Z,2,2,2,0,0,0,0,0,b940427b697fd1bd0a37c7643fc7ca8360b5dc3c
20200210,,,2020-02-10T00:00:00Z,2,2,2,0,0,0,0,0,e36a8a81f382ff4c7b63c6cb294e8be36a1fd718
20200209,,,2020-02-09T00:00:00Z,2,2,2,0,0,0,0,0,6741a2fdab01adac46e34bae3e003025823c9c35
20200208,,,2020-02-08T00:00:00Z,2,2,2,0,0,0,0,0,1d9272a4f6ab867778386b633e887dc02849099f
20200207,,,2020-02-07T00:00:00Z,2,2,2,0,0,0,1,1,88b2d088fd6fa21717496d360db41ed87c866821
20200206,,,2020-02-06T00:00:00Z,1,1,1,0,0,0,0,0,a9b5e00de25fb5424883c96fd98f43b1eda71396
20200205,,,2020-02-05T00:00:00Z,1,1,1,0,0,0,0,0,ebe9a49fe555b9e7a40dcb8dc3bef1ab0affe9a2
20200204,,,2020-02-04T00:00:00Z,1,1,1,0,0,0,0,0,46af24dca1e90976b3b99fcfb68056db257b8353
20200203,,,2020-02-03T00:00:00Z,1,1,1,0,0,0,0,0,23d1e0467083305382dd9deb16c97eae9bb05959
20200202,,,2020-02-02T00:00:00Z,1,1,1,0,0,0,0,0,ef1f1fbde11469a8f4c8120086da67a0954ead0b
20200201,,,2020-02-01T00:00:00Z,1,1,1,0,0,0,0,0,9606415314904bc323bff853b55fd3813b0640f7
20200131,,,2020-01-31T00:00:00Z,1,1,1,0,0,0,0,0,8cb633ef4a0d179bf9633084d41f4a9e18c37600
20200130,,,2020-01-30T00:00:00Z,1,1,1,0,0,0,0,0,2f6a8b1924dfb81f8f53b4cae11253659608d75a
20200129,,,2020-01-29T00:00:00Z,1,1,1,0,0,0,0,0,52c2926d5047aa6d2c7b167f75f99d8fe118e494
20200128,,,2020-01-28T00:00:00Z,1,1,1,0,0,0,0,0,211c37158b33a2e99dd06048f66a021f7b9be8a0
20200127,,,2020-01-27T00:00:00Z,1,1,1,0,0,0,0,0,48dcf46384ef1be1a07bcbba2efc4a99cbd6a978
20200126,,,2020-01-26T00:00:00Z,1,1,1,0,0,0,0,0,defee0e146ae049c86c14a5e580c6219add8e92f
20200125,,,2020-01-25T00:00:00Z,1,1,1,0,0,0,0,0,ca2013db2fa6a2b1a2c776b85d5fcd5e1ca64722
20200124,,,2020-01-24T00:00:00Z,1,1,1,0,0,0,0,0,738e6d4a52f6d0895318ad9eda0d965d09feeb70
20200123,,,2020-01-23T00:00:00Z,1,1,1,0,0,0,0,0,680d664781c7080c1171f160145dafc31e3b93af
20200122,,,2020-01-22T00:00:00Z,1,1,1,0,0,0,0,0,615132d06fd9e22bc21b1b3ec47fb9b2a0de0734
