Date,New Tests,New Cases,New Deaths,Total Cases,Total Deaths
2021-05-20,,100,3,71867,825
2021-05-19,1775,138,2,71767,822
2021-05-18,1903,121,7,71629,820
2021-05-17,1522,311,0,71508,813
2021-05-16,1498,0,0,71197,813
2021-05-15,1888,122,7,71197,813
2021-05-14,2006,173,4,71075,806
2021-05-13,2357,174,2,70902,802
2021-05-12,2466,245,-6,70728,800
2021-05-11,2245,214,3,70483,806
2021-05-10,1508,251,0,70269,803
2021-05-09,1224,0,0,70018,803
2021-05-08,2300,158,3,70018,803
2021-05-07,2262,225,-1,69860,800
2021-05-06,2963,264,2,69635,801
2021-05-05,2899,213,0,69371,799
2021-05-04,2306,202,6,69158,799
2021-05-03,2134,512,0,68956,793
2021-05-02,2571,0,0,68444,793
2021-05-01,1443,338,10,68444,793
2021-04-30,3626,243,-2,68106,783
2021-04-29,3118,308,3,67863,785
2021-04-28,3647,380,2,67555,782
2021-04-27,2656,287,3,67175,780
2021-04-26,2883,559,0,66888,777
2021-04-25,1758,0,0,66329,777
2021-04-24,2213,375,7,66329,777
2021-04-23,3680,348,0,65954,770
2021-04-22,3413,354,3,65606,770
2021-04-21,3574,402,0,65252,767
2021-04-20,3278,366,5,64850,767
2021-04-19,2355,768,1,64484,762
2021-04-18,2676,0,0,63716,761
2021-04-17,2319,414,1,63716,761
2021-04-16,3873,653,3,63302,760
2021-04-15,3060,379,5,62649,757
2021-04-14,3266,786,1,62270,752
2021-04-13,2906,603,-8,61484,751
2021-04-12,3354,483,0,60881,759
2021-04-11,2022,0,0,60398,759
2021-04-10,1965,466,0,60398,759
2021-04-09,2483,456,3,59932,759
2021-04-08,2838,412,5,59476,756
2021-04-07,2922,457,1,59064,751
2021-04-06,2501,304,1,58607,750
2021-04-05,1741,556,0,58303,749
2021-04-04,1945,0,0,57747,749
2021-04-03,1960,476,1,57747,749
2021-04-02,3501,351,3,57271,748
2021-04-01,2920,349,4,56920,745
2021-03-31,3515,431,0,56571,741
2021-03-30,2800,207,4,56140,741
2021-03-29,2141,497,2,55933,737
2021-03-28,2217,0,0,55436,735
2021-03-27,1585,270,1,55436,735
2021-03-26,2347,325,1,55166,734
2021-03-25,2516,242,6,54841,733
2021-03-24,2567,293,1,54599,727
2021-03-23,2632,154,0,54306,726
2021-03-22,1617,268,0,54152,726
2021-03-21,1684,0,0,53884,726
2021-03-20,1512,140,2,53884,726
2021-03-19,2322,153,0,53744,724
2021-03-18,2714,139,2,53591,724
2021-03-17,3099,188,0,53452,722
2021-03-16,2656,79,1,53264,722
2021-03-15,1484,170,1,53185,721
2021-03-14,1636,0,0,53015,720
2021-03-13,1110,112,0,53015,720
2021-03-12,2728,174,-4,52903,720
2021-03-11,2129,113,3,52729,724
2021-03-10,2760,142,1,52616,721
2021-03-09,2327,44,3,52474,720
2021-03-08,1396,120,0,52430,717
2021-03-07,1883,0,0,52310,717
2021-03-06,1146,73,3,52310,717
2021-03-05,2024,90,0,52237,714
2021-03-04,2530,102,3,52147,714
2021-03-03,2817,90,-1,52045,711
2021-03-02,2479,103,1,51955,712
2021-03-01,1579,128,1,51852,711
2021-02-28,1310,0,0,51724,710
2021-02-27,1534,62,4,51724,710
2021-02-26,2129,74,0,51662,706
2021-02-25,2952,101,5,51588,706
2021-02-24,2902,100,-1,51487,701
2021-02-23,3046,121,0,51387,702
2021-02-22,1465,111,0,51266,702
2021-02-21,1395,0,0,51155,702
2021-02-20,1539,57,3,51155,702
2021-02-19,2466,109,1,51098,699
2021-02-18,2070,80,4,50989,698
2021-02-17,2277,95,3,50909,694
2021-02-16,2250,78,0,50814,691
2021-02-15,1338,131,0,50736,691
2021-02-14,1818,0,0,50605,691
2021-02-13,881,84,4,50605,691
2021-02-12,2817,102,1,50521,687
2021-02-11,2179,140,4,50419,686
2021-02-10,2661,115,2,50279,682
2021-02-09,3118,64,7,50164,680
2021-02-08,1151,118,0,50100,673
2021-02-07,1822,0,0,49982,673
2021-02-06,1175,105,5,49982,673
2021-02-05,2683,112,1,49877,668
2021-02-04,2773,99,4,49765,667
2021-02-03,3067,144,7,49666,663
2021-02-02,2966,95,0,49522,656
2021-02-01,932,179,0,49427,656
2021-01-31,2013,0,0,49248,656
2021-01-30,1481,103,6,49248,656
2021-01-29,2798,128,5,49145,650
2021-01-28,3034,111,3,49017,645
2021-01-27,2784,162,3,48906,642
2021-01-26,3089,159,2,48744,639
2021-01-25,1851,259,1,48585,637
2021-01-24,2005,0,0,48326,636
2021-01-23,1624,122,9,48326,636
2021-01-22,2666,169,1,48204,627
2021-01-21,2765,203,10,48035,626
2021-01-20,3659,195,2,47832,616
2021-01-19,2980,145,2,47637,614
2021-01-18,1085,245,0,47492,612
2021-01-17,1845,0,0,47247,612
2021-01-16,2142,131,6,47247,612
2021-01-15,3193,174,3,47116,606
2021-01-14,2827,279,9,46942,603
2021-01-13,3107,272,0,46663,594
2021-01-12,3312,163,0,46391,594
2021-01-11,1753,387,2,46228,594
2021-01-10,2392,0,0,45841,592
2021-01-09,2803,213,7,45841,592
2021-01-08,3590,309,1,45628,585
2021-01-07,3486,288,12,45319,584
2021-01-06,3209,350,1,45031,572
2021-01-05,3508,295,5,44681,571
2021-01-04,1908,326,11,44386,566
2021-01-03,2842,0,0,44060,555
2021-01-02,951,780,12,44060,555
2021-01-01,2261,0,0,43280,543
2020-12-31,2726,0,0,43280,543
2020-12-30,2946,338,4,43280,543
2020-12-29,3371,232,10,42942,539
2020-12-28,1350,331,4,42710,529
2020-12-27,2195,0,0,42379,525
2020-12-26,1577,539,14,42379,525
2020-12-25,2124,0,0,41840,511
2020-12-24,2665,0,0,41840,511
2020-12-23,4559,236,0,41840,511
2020-12-22,2722,152,8,41604,511
2020-12-21,1885,368,0,41452,503
2020-12-20,2466,0,0,41084,503
2020-12-19,2285,222,10,41084,503
2020-12-18,3452,285,10,40862,493
2020-12-17,3324,318,11,40577,483
2020-12-16,3421,371,1,40259,472
2020-12-15,4508,291,16,39888,471
2020-12-14,2800,559,3,39597,455
2020-12-13,2430,0,0,39038,452
2020-12-12,3090,312,13,39038,452
2020-12-11,3970,353,-2,38726,439
2020-12-10,3544,551,13,38373,441
2020-12-09,4606,413,2,37822,428
2020-12-08,3948,398,12,37409,426
2020-12-07,2868,822,14,37011,414
2020-12-06,4205,0,0,36189,400
2020-12-05,3012,357,19,36189,400
2020-12-04,5120,692,5,35832,381
2020-12-03,3957,596,16,35140,376
2020-12-02,4578,581,-3,34544,360
2020-12-01,3856,561,9,33963,363
2020-11-30,2791,814,10,33402,354
2020-11-29,3764,0,0,32588,344
2020-11-28,2733,450,8,32588,344
2020-11-27,3200,1626,24,32138,336
2020-11-26,4776,0,0,30512,312
2020-11-25,3956,428,0,30512,312
2020-11-24,4466,493,11,30084,312
2020-11-23,4184,1251,9,29591,301
2020-11-22,4833,0,0,28340,292
2020-11-21,3338,628,7,28340,292
2020-11-20,5868,657,8,27712,285
2020-11-19,4749,742,10,27055,277
2020-11-18,5902,608,10,26313,267
2020-11-17,4435,709,3,25705,257
2020-11-16,3686,1365,7,24996,254
2020-11-15,5951,0,0,23631,247
2020-11-14,3635,691,4,23631,247
2020-11-13,6023,896,13,22940,243
2020-11-12,5398,725,2,22044,230
2020-11-11,4884,429,1,21319,228
2020-11-10,4326,912,8,20890,227
2020-11-09,3519,985,10,19978,219
2020-11-08,4622,0,0,18993,209
2020-11-07,3873,447,2,18993,209
2020-11-06,4814,388,8,18546,207
2020-11-05,5474,633,5,18158,199
2020-11-04,4277,483,1,17525,194
2020-11-03,3690,361,4,17042,193
2020-11-02,2786,725,1,16681,189
2020-11-01,4952,0,0,15956,188
2020-10-31,2296,428,2,15956,188
2020-10-30,4163,418,0,15528,186
2020-10-29,3991,326,1,15110,186
2020-10-28,4002,365,1,14784,185
2020-10-27,4481,219,0,14419,184
2020-10-26,2815,479,0,14200,184
2020-10-25,3327,0,0,13721,184
2020-10-24,2503,325,2,13721,184
2020-10-23,3916,228,0,13396,182
2020-10-22,4476,162,2,13168,182
2020-10-21,2501,186,1,13006,180
2020-10-20,3327,147,1,12820,179
2020-10-19,2918,466,0,12673,178
2020-10-18,2402,0,0,12207,178
2020-10-17,2127,0,0,12207,178
2020-10-16,2833,177,5,12207,178
2020-10-15,4804,207,0,12030,173
2020-10-14,3015,192,1,11823,173
2020-10-13,2939,119,0,11631,172
2020-10-12,3057,238,0,11512,172
2020-10-11,2549,0,0,11274,172
2020-10-10,2032,172,0,11274,172
2020-10-09,3587,121,-3,11102,172
2020-10-08,3263,111,-1,10981,175
2020-10-07,2919,97,0,10870,176
2020-10-06,2685,90,1,10773,176
2020-10-05,1791,179,0,10683,175
2020-10-04,2579,0,0,10504,175
2020-10-03,1793,123,1,10504,175
2020-10-02,3392,96,0,10381,174
2020-10-01,2788,92,-2,10285,174
2020-09-30,3108,126,0,10193,176
2020-09-29,2322,83,1,10067,176
2020-09-28,1899,135,0,9984,175
2020-09-27,2402,0,0,9849,175
2020-09-26,1751,91,0,9849,175
2020-09-25,2859,85,2,9758,175
2020-09-24,2940,73,-1,9673,173
2020-09-23,2452,72,0,9600,174
2020-09-22,2382,65,0,9528,174
2020-09-21,1979,115,0,9463,174
2020-09-20,2341,0,0,9348,174
2020-09-19,1349,40,1,9348,174
2020-09-18,1955,59,0,9308,173
2020-09-17,2967,72,0,9249,173
2020-09-16,2386,46,0,9177,173
2020-09-15,1888,39,0,9131,173
2020-09-14,1774,77,1,9092,173
2020-09-13,2438,0,0,9015,172
2020-09-12,1388,46,1,9015,172
2020-09-11,2887,69,0,8969,171
2020-09-10,2576,62,0,8900,171
2020-09-09,2285,61,0,8838,171
2020-09-08,1533,40,-1,8777,171
2020-09-07,1292,53,2,8737,172
2020-09-06,1297,0,0,8684,170
2020-09-05,2117,38,1,8684,170
2020-09-04,2732,30,0,8646,169
2020-09-03,2037,48,1,8616,169
2020-09-02,2438,31,0,8568,168
2020-09-01,2245,47,1,8537,168
2020-08-31,1626,41,0,8490,167
2020-08-30,1597,40,3,8449,167
2020-08-29,2588,56,2,8409,164
2020-08-28,2985,63,0,8353,162
2020-08-27,2535,55,0,8290,162
2020-08-26,2384,64,0,8235,162
2020-08-25,2444,52,2,8171,162
2020-08-24,1723,64,0,8119,160
2020-08-23,1559,56,0,8055,160
2020-08-22,2203,94,1,7999,160
2020-08-21,2642,0,0,7905,159
2020-08-20,2946,24,1,7905,159
2020-08-19,1728,31,0,7881,158
2020-08-18,2297,42,0,7850,158
2020-08-17,1447,25,0,7808,158
2020-08-16,1331,34,1,7783,158
2020-08-15,1966,41,0,7749,157
2020-08-14,2194,31,0,7708,157
2020-08-13,2720,42,0,7677,157
2020-08-12,3220,29,0,7635,157
2020-08-11,2096,51,0,7606,157
2020-08-10,1697,26,0,7555,157
2020-08-09,1902,38,0,7529,157
2020-08-08,2142,37,-1,7491,157
2020-08-07,2974,68,1,7454,158
2020-08-06,2171,44,3,7386,157
2020-08-05,1981,42,0,7342,154
2020-08-04,2197,61,0,7300,154
2020-08-03,1799,35,0,7239,154
2020-08-02,2011,93,0,7204,154
2020-08-01,2109,52,0,7111,154
2020-07-31,2393,62,0,7059,154
2020-07-30,2242,46,0,6997,154
2020-07-29,2142,43,0,6951,154
2020-07-28,1860,79,2,6908,154
2020-07-27,1261,42,0,6829,152
2020-07-26,1680,133,0,6787,152
2020-07-25,2432,41,1,6654,152
2020-07-24,2615,39,1,6613,151
2020-07-23,2296,82,0,6574,150
2020-07-22,2776,62,1,6492,150
2020-07-21,2372,67,1,6430,149
2020-07-20,1443,22,1,6363,148
2020-07-19,1822,65,0,6341,147
2020-07-18,2358,60,1,6276,147
2020-07-17,2411,86,1,6216,146
2020-07-16,2630,63,0,6130,145
2020-07-15,2130,79,0,6067,145
2020-07-14,2309,97,0,5988,145
2020-07-13,1557,34,1,5891,145
2020-07-12,1863,66,0,5857,144
2020-07-11,2469,110,3,5791,144
2020-07-10,3136,100,2,5681,141
2020-07-09,2125,119,0,5581,139
2020-07-08,2074,76,0,5462,139
2020-07-07,1947,78,3,5386,139
2020-07-06,1065,36,0,5308,136
2020-07-05,773,46,0,5272,136
2020-07-04,1774,61,0,5226,136
2020-07-03,1635,95,1,5165,136
2020-07-02,2289,119,1,5070,135
2020-07-01,2690,45,0,4951,134
2020-06-30,1707,38,2,4906,134
2020-06-29,1040,13,0,4868,132
2020-06-28,1210,33,0,4855,132
2020-06-27,1474,39,2,4822,132
2020-06-26,1974,60,0,4783,130
2020-06-25,1263,51,1,4723,130
2020-06-24,1549,38,1,4672,129
2020-06-23,1254,25,4,4634,128
2020-06-22,541,13,0,4609,124
2020-06-21,774,15,1,4596,124
2020-06-20,1040,24,1,4581,123
2020-06-19,818,25,4,4557,122
2020-06-18,765,35,2,4532,118
2020-06-17,1008,20,0,4497,116
2020-06-16,1120,8,0,4477,116
2020-06-15,602,2,0,4469,116
2020-06-14,550,34,2,4467,116
2020-06-13,1023,7,0,4433,114
2020-06-12,884,129,2,4426,114
2020-06-11,678,30,4,4297,112
2020-06-10,1277,36,1,4267,108
2020-06-09,1166,22,3,4231,107
2020-06-08,596,13,3,4209,104
2020-06-07,672,26,1,4196,101
2020-06-06,1068,34,4,4170,100
2020-06-05,912,279,1,4136,96
2020-06-04,1051,36,2,3857,95
2020-06-03,1092,38,0,3821,93
2020-06-02,1412,30,4,3783,93
2020-06-01,726,33,4,3753,89
2020-05-31,863,74,1,3720,85
2020-05-30,1102,46,4,3646,84
2020-05-29,1334,56,1,3600,80
2020-05-28,918,86,3,3544,79
2020-05-27,1291,34,4,3458,76
2020-05-26,477,35,4,3424,72
2020-05-25,612,26,1,3389,68
2020-05-24,701,51,0,3363,67
2020-05-23,979,77,2,3312,67
2020-05-22,901,86,3,3235,65
2020-05-21,931,109,2,3149,62
2020-05-20,1093,102,2,3040,60
2020-05-19,1282,66,2,2938,58
2020-05-18,691,43,1,2872,56
2020-05-17,911,59,1,2829,55
2020-05-16,904,61,1,2770,54
2020-05-15,1138,78,5,2709,53
2020-05-14,1049,181,1,2631,48
2020-05-13,1291,30,2,2450,47
2020-05-12,1056,85,3,2420,45
2020-05-11,574,51,1,2335,42
2020-05-10,769,68,0,2284,41
2020-05-09,924,78,0,2216,41
2020-05-08,893,59,0,2138,41
2020-05-07,970,60,1,2079,41
2020-05-06,1026,102,0,2019,40
2020-05-05,1024,60,1,1917,40
2020-05-04,558,68,0,1857,39
2020-05-03,611,89,3,1789,39
2020-05-02,633,97,0,1700,36
2020-05-01,658,121,3,1603,36
2020-04-30,715,85,0,1482,33
2020-04-29,614,90,0,1397,33
2020-04-28,584,205,-1,1307,33
2020-04-27,461,69,2,1102,34
2020-04-26,405,102,0,1033,32
2020-04-25,535,23,3,931,32
2020-04-24,640,91,2,908,29
2020-04-23,525,58,2,817,27
2020-04-22,548,131,0,759,25
2020-04-21,636,77,1,628,25
2020-04-20,236,47,-1,551,24
2020-04-19,199,43,2,504,25
2020-04-18,323,30,3,461,23
2020-04-17,257,45,3,431,20
2020-04-16,179,31,1,386,17
2020-04-15,157,30,2,355,16
2020-04-14,137,14,1,325,14
2020-04-13,88,24,0,311,13
2020-04-12,,17,0,287,13
2020-04-11,98,20,0,270,13
2020-04-10,142,17,3,250,13
2020-04-09,165,26,1,233,10
2020-04-08,63,20,2,207,9
2020-04-07,128,10,2,187,7
2020-04-06,50,12,2,177,5
2020-04-05,88,12,0,165,3
2020-04-04,63,17,1,153,3
2020-04-03,77,11,0,136,2
2020-04-02,81,6,0,125,2
2020-04-01,87,11,1,119,2
2020-03-31,102,12,0,108,1
2020-03-30,109,24,0,96,1
2020-03-29,68,19,0,72,1
2020-03-28,61,8,0,53,1
2020-03-27,69,4,0,45,1
2020-03-26,101,5,0,41,1
2020-03-25,107,5,0,36,1
2020-03-24,35,3,0,31,1
2020-03-23,,7,0,28,1
2020-03-22,12,0,0,21,1
2020-03-21,41,9,1,21,1
2020-03-20,24,0,0,12,0
2020-03-19,20,7,0,12,0
2020-03-18,15,0,0,5,0
2020-03-17,13,0,0,5,0
2020-03-16,,0,0,5,0
2020-03-15,2,2,0,5,0
2020-03-14,,0,0,3,0
2020-03-13,,0,0,3,0
2020-03-12,,3,0,3,0
